%p153t1.m
L = [1, 0, 0;
    1/2, 1, 0;
    1/2, 1/3, 1];
B = [-4;
    10;
    5];
U = [2, 4, -6;
    0, 3, 6;
    0, 0, 3];
A = [2, 4, -6;
    1, 5, 3;
    1, 3, 2];
Y = L \ B;
X1 = U \ Y;
X2 = A \ B;